0 0.201562 0.452083 0.0109375 0.0152778
0 0.46875 0.442361 0.0078125 0.00694444
0 0.456641 0.442361 0.00703125 0.00694444
0 0.498047 0.444444 0.00859375 0.00833333
1 0.693359 0.405556 0.0304688 0.0222222
0 0.112109 0.457639 0.0226563 0.0180556
0 0.627344 0.518056 0.09375 0.15
1 0.528906 0.438889 0.0171875 0.0166667
0 0.814453 0.463889 0.0117188 0.0138889
0 0.742578 0.463194 0.0148437 0.0152778
0 0.826953 0.467361 0.0179687 0.0180556
0 0.971094 0.477778 0.015625 0.0166667
0 0.903516 0.5125 0.0320312 0.0277778
